28
26
1068

28
26
1068

-8
26
1050

10
26
1068

10
26
1068

28
25
1086

28
26
1050

28
26
1068

10
26
1068

28
26
1050

-8
44
1068

10
26
1068

28
26
1068

28
26
1050

-300
-547
1114

167
-415
922

109
-126
1577

-328
221
1711

-182
85
670

-862
245
864

-464
154
894

-576
152
1023

-522
191
895

-598
228
787

-522
264
1077

-595
98
915

-518
60
1096

-384
-33
1257

-439
-125
1295

-608
-163
1208

-367
-11
893

-472
578
928

-671
969
418

-16
2263
398

-592
1109
1200

-626
689
803

-218
1007
519

-448
139
474

-354
125
236

-256
-79
381

-387
-119
601

-625
-399
991

-717
-384
1266

-842
-610
1707

-440
57
1459

-428
13
183

-154
730
720

-240
212
761

-146
268
832

-189
348
67

-477
-142
1114

-611
21
1244

-1148
480
1105

-587
-255
1244

-847
484
972

-1230
704
796

-1359
627
1035

-759
583
350

-352
832
-497

-400
1295
-682

-6
1244
-997

155
745
-943

293
522
-689

334
552
3

-438
-181
1313

-245
-402
1403

-970
-636
2311

-546
-258
1681

-584
-385
1391

-770
-534
1451

-554
40
1206

-1063
0
1252

-856
-87
902

-591
-322
497

-248
-613
365

-428
-966
534

-392
-854
407

-530
-669
370

-833
-433
558

-1128
-643
1057

-851
-417
740

-967
-343
614

-1028
-211
378

-807
68
45

-735
200
-248

-849
200
-319

-606
204
-579

-668
499
-599

-860
846
-378

-933
823
224

-1127
102
342

-880
-61
247

-820
-263
156

-958
266
575

-887
487
681

-839
23
975

-421
-177
912

-542
-678
1227

-250
-323
801

-346
-212
838

-531
-344
1061

-254
-65
891

-62
-158
1014

413
-486
826

160
-935
1308

128
-1267
1311

-127
-712
1092

-618
-642
1265

-228
-345
1237

128
-376
722

-225
-708
620

-100
-446
343

-465
30
421

-681
633
877

-754
559
952

-407
969
468

-419
853
1126

-518
96
1224

-56
1327
-69

105
951
696

-1020
-80
2109

-531
-3
1880

-61
747
792

-1038
790
1575

-422
23
1185

-384
749
524

337
387
-69

62
994
113

-516
786
399

-531
726
910

-221
284
925

247
362
752

359
597
1223

127
110
1850

541
77
1641

512
559
1457

301
814
1660

173
556
1554

509
528
856

585
366
545

515
-91
3

375
350
-125

288
1013
19

-204
1356
826

-232
893
903

-607
744
875

-1029
292
1542

-877
203
1339

-563
484
1112

-304
601
633

-404
131
1330

311
-9
936

-290
129
1619

75
-311
1615

-100
-51
1471

-104
189
1324

-316
301
999

-360
492
415

-365
642
122

-530
384
-71

-11
1502
-1090

-360
1094
-936

-306
497
-259

-185
1071
-319

61
1031
-13

289
939
165

250
1122
254

404
811
35

157
921
-69

24
1012
-30

-67
865
-10

-315
1083
283

-296
1066
156

-600
1372
761

-344
837
960

-642
792
1604

-512
815
1254

-206
434
687

-58
474
428

134
325
645

140
119
939

7
192
1067

153
341
809

196
101
974

291
28
972

544
-376
933

34
-235
1434

331
-120
989

512
-600
1190

592
-842
1408

645
-620
1405

413
-197
1500

314
-85
1227

276
-84
1081

260
-231
1156

215
174
1008

104
26
1031

116
378
845

-72
358
994

-211
745
959

-197
968
774

-250
747
758

-304
691
869

-381
783
852

-419
765
708

-496
801
762

-593
965
800

-499
913
580

-518
877
471

-571
767
546

-608
709
583

-610
712
364

-669
751
20

-707
825
110

-765
861
184

-688
841
292

-706
877
456

-568
672
728

-734
503
915

-624
598
731

-451
397
637

-389
46
583

-314
138
709

-370
83
711

-196
-191
599

-165
196
578

-160
-171
470

-159
-189
489

-196
-227
563

-212
-304
836

31
-193
923

-134
-289
1253

55
-309
1397

54
-254
1452

240
-15
1502

484
96
1642

648
285
1256

607
451
1274

719
524
1307

383
446
1569

242
891
1369

111
779
1299

94
632
1245

-202
427
1398

-203
374
1125

-221
230
798

-507
269
493

-585
399
293

-331
846
-115

-317
1015
-445

-531
1345
-279

-547
1252
-222

-466
1048
-59

-443
898
342

-302
454
506

-242
269
652

41
196
593

234
-6
627

366
47
789

162
-31
1230

327
230
1043

648
212
1073

759
377
1234

626
576
1636

606
577
1583

619
748
1052

276
949
1002

165
873
1151

36
580
938

-119
714
446

-296
1048
138

-524
1085
-76

-541
957
-221

-664
1507
-40

-947
1525
38

-806
1081
257

-556
788
163

-517
715
89

-493
474
254

-379
384
125

-318
181
-19

-372
16
-72

-472
309
19

-510
328
55

-551
475
146

-472
363
346

-340
544
725

-355
358
945

-116
782
1066

-107
319
1269

324
521
1478

104
241
1631

349
80
1281

759
360
1143

802
48
1017

818
214
997

1045
51
811

1156
198
972

992
27
1432

990
174
1394

838
211
1361

742
339
1362

419
377
1167

499
67
840

203
731
714

-206
433
797

-215
751
357

-518
771
125

-722
638
330

-763
750
203

-831
488
480

-747
81
699

-594
-12
788

-143
174
887

-508
-422
1463

-101
-157
943

103
-44
757

317
-358
901

486
-301
841

488
-305
1224

463
63
1242

498
264
1423

674
-175
1238

423
154
1296

345
320
1242

288
231
898

117
250
701

-334
338
1036

-337
432
908

-90
269
704

-96
566
556

-56
562
957

35
635
918

85
987
806

-151
653
1030

-331
208
1182

-154
-287
1017

-192
-251
1037

-59
-359
980

-17
-581
944

169
-616
705

279
-447
555

395
-506
881

602
-557
714

656
-284
1039

544
-195
1369

617
-157
1221

408
-12
1298

274
134
1317

345
212
915

38
488
919

-93
470
866

-267
655
723

-493
671
836

-477
766
654

-470
324
528

-512
635
727

-675
266
770

-695
357
788

-538
8
695

-534
-286
715

-419
-305
786

-361
-415
822

-265
-469
765

-57
-560
689

58
-709
799

263
-523
812

283
-561
920

357
-452
1028

336
-305
1100

414
-432
1027

373
-213
1172

106
-14
1304

253
155
1136

79
375
1138

26
227
1195

-142
191
1160

-223
376
943

-188
490
704

-280
360
725

-244
434
724

-314
210
964

-332
190
1146

-393
447
1128

-330
79
1129

-115
-397
1017

30
-137
868

91
-359
887

168
-507
941

186
-415
885

189
-545
1013

304
-689
867

282
-505
846

266
-635
921

265
-616
867

134
-583
1142

265
-544
1012

33
-269
1106

-159
-65
998

-210
-360
928

-420
-142
1113

-501
81
858

-538
-11
841

-670
62
881

-613
6
807

-633
43
807

-651
24
898

-595
117
860

-480
-12
931

-461
-12
986

-424
116
1040

-407
153
1002

-426
154
984

-392
321
873

-448
338
947

-451
467
982

-417
635
744

-416
599
745

-475
690
782

-402
767
561

-440
839
579

-384
786
524

-328
842
449

-290
824
394

-215
842
375

-107
1029
352

-46
899
389

45
991
423

48
897
625

163
822
696

88
895
862

148
635
935

263
528
750

211
396
1062

308
193
1007

331
-10
1026

388
8
1025

407
-118
934

428
-246
861

482
-118
913

545
-412
841

580
-339
877

581
-393
860

600
-411
822

621
-521
823

527
-487
970

358
-543
883

283
-597
793

209
-635
849

-35
-673
926

37
-617
798

-187
-619
911

-284
-452
856

-245
-599
821

-400
-305
804

-379
-508
822

-514
-269
897

-367
-155
674

-401
-287
840

-400
-196
1041

-746
62
791

-764
-13
845

-691
136
716

-748
155
735

-803
61
810

-673
173
716

-751
301
825

-653
153
897

-674
264
898

-595
116
897

-559
210
877

-558
173
877

-500
62
968

-542
229
840

-576
116
952

-502
135
930

-503
209
894

-464
135
967

-482
171
1021

-372
284
910

-295
211
872

-352
245
1110

-238
172
998

-126
229
996

-200
190
1108

-47
81
1014

-11
229
1067

104
44
1049

179
44
1065

105
6
1104

180
43
1156

295
-138
1008

335
-287
1081

352
-157
1026

316
-341
991

334
-285
917

315
-265
864

317
-395
938

337
-433
991

261
-323
1065

337
-451
955

148
-324
1012

185
-396
976

-21
-325
1106

92
-433
978

53
-359
924

-81
-193
979

-60
-269
1088

-80
-194
1015

-82
-138
978

-141
117
1088

-65
63
1051

-163
246
1088

-126
266
1033

-50
211
959

-146
358
1013

-69
284
1068

-68
192
1050

-69
284
1013

-50
211
959

-30
229
1012

-46
80
1160

86
-47
1012

64
173
1048

-24
-123
1214

180
-83
974

28
44
1068

123
26
1066

105
6
1085

67
-12
1104

29
-11
1013

122
27
975

65
81
1031

217
-27
900

255
45
1064

165
-215
1286

461
-61
805

219
-30
1265

298
-324
1101

406
-98
806

466
-338
788

314
-103
1191

487
-394
952

484
-191
878

373
-249
1045

391
-267
989

332
-156
953

314
-229
973

223
-304
1065

181
-157
956

28
-29
995

29
-83
904

-86
46
778

-27
-100
813

-103
26
1015

-195
4
1236

-176
5
1235

-177
43
1180

-196
6
1017

-307
-105
1202

-237
81
926

-235
-47
963

-180
83
852

-180
82
962

-123
45
943

-195
-14
1254

-28
63
995

-64
-66
1124

-84
99
1160

48
-12
1141

-6
5
1214

-63
5
1233

-26
-12
1141

68
-102
1067

-44
-85
1142

28
7
995

-83
7
1069

-65
26
1051

-103
26
1070

-138
-122
1143

28
26
1050

-139
-12
1107

64
135
1084

65
81
1031

67
6
1085

29
7
1068

10
26
1068

-120
-84
1034

65
99
1140

66
26
1049

47
44
1032

-47
118
1014

67
-83
940

28
43
1086

29
7
1068

28
26
1068

10
26
1068

11
7
1068

10
26
1050

28
44
1068

28
26
1068

28
26
1068

28
26
1050

10
26
1068

-7
-66
1086

28
25
1086

10
44
1068

-8
26
1068

28
63
1068

28
26
1068

28
26
1068

29
7
1050

28
26
1068

-7
7
1068

-26
-11
1068

28
26
1068

10
25
1086

28
26
1068

10
26
1068

-8
63
1068

28
26
1050

29
7
1068

-45
-11
1069

-8
26
1068

28
26
1068

10
26
1068

28
26
1068

10
25
1086

-28
81
1050

28
26
1068

86
7
1067

-23
-159
1177

-6
5
1250

49
-31
1250

105
-30
1140

49
6
1177

50
-104
1250

124
7
1066

49
-103
1105

66
-29
994

66
-29
994

12
-121
1068

66
8
921

-44
-84
1014

47
-28
977

-26
6
1086

13
-139
1068

-26
-29
1032

-26
-84
995

-82
-103
1087

-7
-121
995

-26
-120
922

-27
-28
886

-82
-84
1014

-44
-102
1069

-121
-30
1125

-100
-122
1161

-139
-66
1143

-215
-67
1109

-216
-11
945

-292
26
909

-370
156
855

-332
155
946

-444
134
1057

-579
209
841

-657
301
787

-732
212
534

-811
413
644

-753
396
588

-735
397
533

-661
489
549

-528
453
566

-431
341
673

-409
157
583

-411
339
783

-329
7
910

-180
65
834

-66
46
850

-249
-163
1419

31
-159
1105

107
-122
1158

303
-527
1230

202
-231
1011

258
-122
1228

186
-326
1267

217
63
1082

31
4
1341

125
-85
1139

28
44
1013

-26
7
1068

-8
8
941

-21
-234
1342

11
7
1068

28
44
1068

10
26
1068

29
6
1086

-101
-85
1088

12
-102
1032

28
44
1068

48
7
1068

10
-11
995

28
43
1086

10
26
1050

10
26
1050

28
26
1068

28
26
1068

10
26
1068

28
26
1068

28
26
1050

10
26
1068

28
26
1068

28
26
1068

28
26
1050

28
44
1068

-8
26
1068

28
44
1068

10
26
1068

28
26
1068

28
26
1068

-8
26
1068

10
26
1068

10
26
1068

28
44
1068

28
26
1068

10
26
1068

28
26
1068

28
26
1068

28
26
1068

28
26
1068

11
7
1068

10
26
1068

28
26
1068

-8
26
1068

10
25
1086

28
44
1068

28
26
1068

28
26
1068

10
26
1068

10
26
1050

10
26
1068

28
26
1068

10
26
1068

28
26
1050

-8
25
1086

28
26
1068

10
26
1068

28
26
1068

28
26
1068

28
26
1068

28
26
1068

10
26
1050

28
26
1068

28
26
1068

10
26
1068

10
26
1050

28
26
1050

28
26
1068

10
26
1068

10
25
1086

28
26
1068

10
25
1086

28
26
1068

28
44
1050

28
26
1068

11
7
1068

28
43
1086

47
43
1086

-8
25
1086

11
7
1068

-7
7
1050

28
43
1086

29
-11
1068

-7
61
1250

-44
-13
1270

-64
41
1306

-7
24
1232

11
25
1159

11
-12
1141

-26
6
1141

105
-11
1012

-84
25
1087

48
-11
1032

-27
-11
995

-65
26
1033

-63
-102
1033

47
8
959

-82
-84
1033

-83
7
1033

-84
-46
978

-46
-10
978

-25
-102
1032

-27
-46
959

66
-64
940

-26
-65
1068

29
-120
977

125
-157
920

86
-120
976

145
-176
1030

201
-139
1029

239
-175
1046

201
-159
1120

182
-177
1120

239
-157
1064

181
-102
1029

107
-177
1085

69
-158
1012

-43
-139
1033

-6
-121
1050

-43
-140
1124

-101
-102
1052

-120
-102
1034

-176
-102
1071

-233
-85
1072

-215
-30
1017

-234
-48
1017

-292
80
1055

-220
210
907

-222
321
979

-165
339
996

-166
413
1033

-132
525
921

-93
506
884

-132
525
958

34
620
664

33
729
827

57
488
955

-61
748
719

58
450
992

53
636
790

-76
633
1083

38
469
974

-76
580
975

19
542
1047

96
414
974

172
359
881

118
320
1119

178
81
1029

237
-11
1101

181
-85
1120

107
-159
1085

146
-267
903

74
-434
1069

74
-453
1051

94
-471
1014

-110
-657
1146

-22
-323
942

-191
-396
855

-268
-250
965

-190
-453
910

-438
-215
1041

-350
119
855

-519
44
878

-428
283
893

-412
449
947

-395
522
1054

-284
599
779

-247
654
849

-231
746
777

-192
729
794

-59
602
647

-35
451
902

-13
321
1048

80
321
1065

175
230
973

218
-10
1046

422
103
878

335
-249
1008

392
-249
1062

504
-211
1024

504
-248
987

581
-340
1023

397
-508
1154

318
-270
1319

414
-505
954

241
-356
756

-43
-193
961

-153
-359
891

-421
-140
985

-461
-12
913

-443
62
949

-445
154
929

-314
138
709

-281
414
834

-332
228
1055

-185
378
850

-41
638
627

-145
339
1013

-32
339
1048

22
431
1157

102
81
994

195
173
991

179
43
1138

294
-137
936

353
-212
1027

356
-360
1082

430
-357
935

339
-489
1028

304
-656
1139

303
-545
1175

169
-561
869

149
-468
704

-244
-582
949

-286
-342
928

-387
-11
838

-517
-84
859

-464
119
694

-433
488
745

-359
544
688

-266
599
797

-227
616
887

111
473
480

89
800
989

162
-85
1103

326
193
988

352
-158
1099

356
-433
991

371
-176
1117

355
-359
991

429
-339
934

506
-303
1060

448
-375
771

217
-63
882

123
9
847

29
-65
1032

68
-174
867

181
-228
702

204
-198
1449

59
-440
1653

498
31
731

72
-217
1433

145
-194
994

-7
7
1068

-47
81
1069

65
99
1085

10
26
1068

28
26
1068

28
26
1068

-7
7
1068

-8
44
1068

11
7
1050

29
7
1068

29
7
1068

28
26
1050

-8
26
1068

10
25
1086

10
26
1050

-8
26
1050

28
26
1068

29
7
1068

10
26
1068

10
26
1068

28
26
1068

28
26
1050

10
26
1068

10
26
1050

10
26
1068

10
26
1068

28
26
1068

28
26
1050

28
26
1068

28
44
1068

10
26
1068

28
26
1068


