7
1068

10
26
1068

28
25
1086

29
7
1068

28
26
1068

-8
26
1068

10
26
1068

28
26
1068

28
25
1086

28
26
1068

10
25
1086

10
26
1050

28
26
1068

28
26
1068

10
26
1068

28
26
1068

28
26
1068

10
26
1050

-8
63
1068

10
26
1068

28
44
1068

28
26
1068

28
26
1050

28
26
1050

28
26
1068

-7
7
1068

10
26
1068

-8
26
1068

28
26
1068

28
25
1086

10
26
1068

10
26
1050

10
26
1068

28
25
1086

28
26
1068

28
25
1086

28
26
1068

28
25
1086

10
26
1068

28
26
1068

28
26
1068

28
26
1068

28
44
1068

28
26
1050

10
26
1050

28
26
1068

28
26
1068

28
26
1068

28
26
1068

28
26
1068

10
26
1068

28
25
1086

28
26
1068

28
26
1068

11
7
1068

28
26
1068

10
26
1068

10
26
1050

28
26
1068

28
26
1068

28
26
1050

10
26
1050

28
26
1068

634
62
1457

284
-295
1921

147
216
2359

254
315
1773

-290
76
1401

304
38
-266

786
378
-716

-111
-122
-843

-1261
122
-128

-1508
267
185

-1151
270
-113

-1018
198
-170

-995
67
-24

-995
49
-42

-1034
104
-23

-1072
122
32

-1054
159
-24

-1034
122
14

-958
85
30

-1014
67
85

-1034
85
86

-1108
30
160

-1036
196
67

-996
122
31

-1070
11
122

-1014
30
49

-1145
-9
179

-1053
122
32

-975
11
67

-976
48
85

-1051
11
104

-1052
48
32

-1014
48
49

-1052
30
86

-1015
85
31

-1032
11
50

-1108
67
123

-1091
85
87

-1052
48
86

-1090
30
123

-995
67
31

-1052
30
86

-1015
85
67

-1013
11
67

-1070
-43
122

-1034
122
86

-1014
67
67

-1128
122
141

-1034
104
86

-1014
30
31

-1052
48
68

-996
104
13

-1113
326
-60

-998
214
12

-1015
122
49

-1069
-80
86

-942
234
-7

-1183
-62
89

-904
234
118

-1168
232
-3

-1168
213
123

-1035
247
486

-333
121
637

-1320
125
-419

-1410
81
311

-1018
270
84

-924
289
-27

-1111
233
68

-1034
158
267

-921
177
264

-1032
66
250

-1032
-7
86

-1013
-7
158

-1051
-7
68

-1032
11
104

-1014
48
103

-1090
30
123

-1033
48
122

-1033
66
177

-1033
67
159

-1014
48
103

-1014
30
121

-1033
48
122

-1033
47
177

-1052
30
159

-1052
30
140

-1033
30
159

-1051
11
122

-1033
30
68

-1032
11
122

-1032
11
159

-1033
30
140

-1033
30
140

-1051
11
122

-1051
11
140

-1014
30
121

-1051
11
122

-1033
30
140

-1052
30
122

-1033
30
159

-1051
11
140

-1033
30
140

-1032
11
122

-1032
11
104

-1051
11
122

-1032
11
122

-1032
11
104

-1032
-7
122

-1032
11
159

-1052
30
140

-1033
30
140

-1033
30
140

-1032
11
122

-1032
11
122

-1032
11
104

-1070
11
122

-1051
11
104

-1032
11
140

-1032
11
122

-1051
11
104

-1051
11
122

-1013
11
158

-1032
11
140

-1032
11
104

-1032
11
122

-1032
-7
122

-1032
11
140

-1032
11
104

-1051
11
104

-1032
11
140

-1032
11
122

-1051
11
140

-1032
11
140

-1032
11
122

-1051
11
104

-1033
30
140

-1051
11
122

-1013
11
139

-1032
11
86

-1033
30
159

-1033
30
159

-1052
29
213

-1051
11
32

-1013
11
103

-1051
11
122

-1014
30
139

-1089
11
141

-1033
30
159

-1033
29
195

-1033
30
159

-1053
85
68

-1051
47
250

-1032
47
232

-1033
48
140

-1014
48
85

-1182
-100
198

-1313
-119
273

-1179
-211
236

-1032
-8
213

-943
324
319

-503
-6
275

-801
-229
392

-535
-410
169

-321
-544
840

-468
-801
680

-386
-1152
608

-241
-874
604

37
-759
307

-236
-1222
460

-90
-1034
110

-33
-981
272

-51
-1053
237

-30
-1200
128

79
-1052
125

42
-1054
309

59
-998
199

60
-1052
18

60
-980
253

78
-997
125

41
-1035
181

59
-960
125

4
-980
180

134
-995
-184

-15
-980
198

42
-1071
-18

79
-1033
-56

4
-997
126

78
-959
-57

5
-1015
18

-51
-1090
200

173
-1051
-57

-51
-1108
37

-13
-963
453

-14
-946
508

61
-982
453

59
-818
598

-30
-1057
656

172
-890
524

226
-669
666

137
-946
561

245
-758
266

230
-853
613

139
-1038
544

751
-626
164

455
-761
700

604
-811
241

923
-752
-92

753
-719
347

828
-517
528

1012
-476
31

992
-347
213

1064
-126
228

1173
78
-28

947
76
48

1003
40
29

978
390
-9

1035
372
98

979
335
99

980
299
-117

978
409
99

806
573
157

711
573
68

900
590
319

750
552
286

692
642
486

579
679
452

484
663
235

597
789
579

483
753
417

539
862
597

368
808
254

461
919
416

462
882
380

575
882
505

444
827
399

370
789
365

481
755
180

556
882
415

307
995
127

514
1032
159

326
976
90

385
885
18

385
885
18

407
752
455

193
1033
-89

230
1087
56

122
846
95

138
992
331

302
1270
144

287
1123
236

221
678
440

160
952
585

238
843
549

207
491
678

52
819
1007

114
470
844

137
320
1082

453
470
984

272
83
899

90
-250
1068

106
-138
921

151
-525
923

205
-271
1321

190
-547
1232

282
-488
974

203
-288
1084

206
-454
1085

149
-451
849

-1
-432
851

-40
-343
1125

-111
-583
1091

-149
-527
1111

-194
-195
1000

-93
-526
1018

-270
-159
1000

-438
-251
986

-362
-305
967

-555
-66
932

-643
-455
973

-590
-250
752

-702
-342
736

-724
-212
682

-876
-176
684

-897
-29
593

-952
-122
667

-1066
-31
724

-803
-65
627

-896
-31
830

-822
170
919

-520
44
787

-409
210
784

-373
248
819

-335
321
945

-276
210
963

-222
302
979

-88
211
904

-30
156
885

-8
-9
868

24
138
812

-45
-100
850

143
-136
738

87
-229
813

50
-230
960

-4
-177
1159

-39
-306
1179

-1
-307
1233

-189
-310
1419

-222
-587
1421

-395
-366
1479

-659
-387
1539

-659
-405
1521

-715
-440
1357

-545
-458
1390

-399
-253
1150

-213
-213
982

-26
-173
740

406
-97
715

405
-95
533

426
-174
987

390
-247
825

403
-22
460

252
-40
372

444
-349
133

370
-335
389

163
-301
593

165
-303
867

78
-583
1179

-400
-270
1004

-372
-554
1734

-575
-775
1666

-684
-1069
1579

-769
-607
1359

-695
-515
1429

-412
-530
1298

-247
-327
1202

-4
-194
1033

275
-119
917

617
-318
748

722
53
417

576
-188
640

505
-375
806

171
-582
1069

-129
-656
1000

-506
-693
973

-734
-602
939

-869
-491
741

-931
-161
940

-797
-253
993

-604
-438
1119

-515
-232
988

-378
-310
1349

-109
-531
1547

-238
-770
1350

191
-495
1541

-27
98
1269

-105
135
1124

141
65
866

-61
-249
906

-154
-250
1017

-20
-361
1125

-318
-566
1278

-757
-329
1138

-864
-625
1252

-1597
-884
958

-907
-473
814

-940
-694
762

-901
-804
779

-705
-247
444

-1101
-303
306

-822
-172
173

-539
-224
77

-334
-3
145

-182
-94
178

310
-132
389

368
-98
698

314
-210
845

336
-304
1045

296
-124
1446

495
-585
1591

81
-571
1872

-121
-829
1785

-722
-978
1707

-948
-1107
1494

-1261
-571
1223

-1115
-1273
1407

-987
-1177
1058

-1138
-342
453

-442
-136
566

33
-556
287

570
-17
-107

372
372
-453

21
37
-261

-740
-504
373

-1846
-735
762

-1899
-651
1509

-1828
-1354
1805

-1323
-1006
2156

-138
-705
2369

514
-461
2027

461
245
1478

691
26
1347

1182
-187
901

698
80
-566

287
-341
-939

-785
-582
-1337

-1303
-995
-832

-2107
-1207
-377

-1986
-1434
477

-1552
-1306
777

-1160
-1013
1134

-356
-529
1260

-120
59
1416

221
147
1993

-36
-259
1945

-1284
-1310
1410

-1125
-1008
622

-906
-761
160

-913
-553
-533

-824
-346
-918

-1280
-471
-1675

-1479
-735
-1159

-1632
-482
-702

-890
-576
-41

-18
-579
707

407
-225
643

342
109
169

-413
164
-200

-112
238
140

-267
-305
892

-67
-521
2329

-755
-1041
2383

-2174
-1257
1044

-2305
-1509
375

-2245
-875
-359

-1724
-559
-426

-1040
-705
-183

-1024
-647
-493

-1580
-348
-1141

-541
-257
-451

185
-521
467

-67
-185
104

-377
274
-37

-137
-320
670

467
-141
1406

-362
-181
1458

-621
-406
1629

-1522
-631
1519

-2106
-887
968

-2317
-881
298

-1586
-691
119

-952
-319
-115

-864
-147
-646

-1316
-400
-1310

-1632
-750
-1484

-873
-700
-568

510
-579
898

824
-1024
1478

1199
-805
1870

-142
101
961

-109
412
1177

-954
150
1012

-2376
-735
498

-2087
-1811
1210

-1087
-1644
1663

-729
-860
960

-686
-319
244

-942
0
-626

-1718
-145
-1358

-1086
-531
-1003

-369
-312
-417

495
-998
373

1129
-356
1104

-33
53
120

-1275
-298
-437

-153
-1250
1479

-45
-687
2366

-1788
638
1700

-1452
805
1784

-1202
404
1362

-1465
151
731

-529
-491
953

-467
-928
444

-1260
-148
-657

-1520
574
-1092

-1983
999
-1487

-1163
522
-1409

-838
-642
-898

-543
-1161
-427

-128
-978
-54

664
-851
660

1109
-1189
1383

648
-732
1607

1438
-330
2336

-608
-891
2215

-2403
-470
-377

-2434
670
-2042

-1382
404
-693

-265
294
-257

1113
-789
-23

1258
-2379
567

2455
-2386
1929

184
-1444
564

-545
270
385

-2444
1527
-1044

-2454
2260
-594

-1733
1189
-71

-1040
363
-98

65
-1274
146

1336
-2383
1003

1754
-2385
1469

1174
-1937
548

679
-1789
337

-1131
271
-59

-2431
935
-822

-2459
2322
-1250

-1610
582
-179

-1102
-499
-493

1672
-2375
377

2450
-2379
1237

2077
-1964
-51

472
-884
99

-1741
455
-467

-2460
2305
-1378

-2451
1933
-1066

-678
252
242

356
-701
-45

2450
-2379
1255

2450
-2378
1127

721
-1122
-159

-1803
-211
-152

-2461
2326
-1596

-2433
1045
-805

-647
-502
116

969
-1213
-90

2451
-2380
1291

2447
-2339
945

962
-863
-129

-1009
-229
341

-2438
1302
-715

-2423
706
-110

-277
-714
1205

1017
-2388
1410

1749
-2236
1268

1484
506
-347

1501
1702
136

-1004
581
319

-2366
-2392
199

-2365
-2394
417

1454
82
-308

2383
968
105

2389
637
-1

-293
-205
0

-2380
-1941
-860

1413
-751
134

2401
205
894

386
849
-91

-2412
-207
-925

-2388
-1373
-499

-818
-393
175

302
345
496

-232
624
121

-122
701
-190

577
791
361

1873
418
1449

1843
-1857
2248

684
-2398
2309

-1970
-2390
65

-1711
-2382
-706

-112
-1757
533

1037
-378
1416

1993
49
1486

1841
850
572

1816
95
523

72
-628
-41

-2395
-1523
-2102

-558
-2378
-546

2414
-12
2316

2382
1024
-40

-2433
580
-2241

1436
-756
662

2416
-159
2316

-2419
143
-1018

-2431
432
-2204

776
-760
675

2407
323
2059

770
517
231

-2427
355
-1894

-2402
-580
-522

2408
51
1551

1753
769
1359

-2427
355
-1930

-2405
-649
-1014

2417
-231
2226

2397
677
1565

-2429
412
-2022

-2425
119
-2238

2427
-892
1957

2410
137
2096

-2440
949
-2243

-2437
764
-2242

-1592
-1412
196

1691
848
685

1471
1530
667

143
680
78

-940
123
120

-1047
-265
196

-670
-245
189

-75
381
502

55
383
354

146
-321
684

8
-698
1619

-136
-978
1951

-268
-961
1971

-303
-166
1748

-311
188
1365

73
707
1136

312
1060
1001

258
876
876

222
784
951

229
450
1135

254
81
1119

281
-343
1265

7
-787
1291

-255
-880
1260

-900
-1677
1388

-943
-1384
1460

-805
-878
743

-329
-316
146

249
74
-101

869
294
413

953
66
1087

246
-364
1540

27
-537
2128

-93
-168
2109

141
423
1994

302
704
1551

238
859
786

638
712
925

662
436
908

647
214
891

371
-228
863

-94
-544
964

-311
-935
1261

-718
-1308
1454

-890
-1287
1074

-748
-969
668

-377
-688
405

69
-427
340

560
-283
768

935
-8
1106

1158
250
1300

387
206
1552

-451
-314
1752

-849
-135
2032

-1058
-366
1163

-519
132
1296

-279
431
1071

-315
193
782

-104
81
1034

-62
-193
888

-334
-856
769

-507
-837
481

-635
-968
611

-463
-1007
937

-349
-1008
1154

-232
-1085
1407

-398
-1359
1102

-217
-1097
823

454
-634
899

742
139
980

685
430
1509

357
727
1167

-232
748
667

-559
67
386

-965
-454
652

-1243
-731
604

-761
-286
555

-274
135
1054

-758
-381
811

-407
29
548

378
400
585

1424
1084
1017

1580
1095
1889

882
-67
1617

618
-14
1659

598
-103
1440

895
-965
1002

758
-996
331

-822
-1508
-929

-467
-1125
-283

-357
-942
-104

-983
-1685
186

-1016
-1872
443

-313
-932
933

463
-172
805

919
825
827

1460
1374
1488

1557
1174
1341

1489
839
1473

1340
657
1312

1267
381
1097

1145
-281
866

1506
-1672
30

-402
-1181
-2178

-166
-1301
-926

-352
-1450
-939

-923
-1337
-1420

-293
-1453
-612

-250
-1514
26

64
-1094
637

646
-709
1151

1005
-422
2108

1222
114
1993

1290
465
1971

1256
316
2117

881
-30
1581

731
-139
1347

813
-523
1165

1070
-1403
582

506
-1874
-587

159
-1505
-856

513
-1355
-955

116
-1372
-1275

-56
-1207
-1183

-205
-1192
-888

-504
-1341
-845

-280
-1158
-596

98
-980
234

304
-797
539

490
-578
807

839
66
1070

948
451
1340

986
486
1629

1288
522
1825

1423
357
1823

1457
507
1529

1272
159
1262

1010
-115
940

809
-555
582

761
-1197
59

-478
-1710
-807

-336
-1141
-504

-314
-1217
-175

-736
-956
-716

-711
-1111
159

-863
-930
470

-1056
-602
745

-434
-364
1224

-46
132
1414

60
465
1337

338
707
1204

396
671
1239

319
727
1149

398
488
1076

616
967
1251

617
822
978

469
656
946

489
619
910

62
123
557

-280
198
270

-513
-575
97

-756
-671
338

-1201
-1078
259

-1375
-749
407

-1492
-565
553

-1224
-605
986

-755
-312
1356

-366
96
1367

80
410
1320

487
783
1128

894
1263
1226

803
1098
1175

562
746
1091

379
488
1003

285
342
806

-119
-319
543

-532
-540
334

-887
-762
178

-1094
-745
200

-1061
-506
325

-1062
-324
561

-1136
-309
818

-1007
-107
1014

-503
352
1476

-124
352
1688

339
741
1532

560
929
1290

507
710
1055

487
710
982

302
470
878

-195
-229
690

-535
-321
496

-852
-542
376

-962
-620
616

-1091
-713
710

-996
-695
872

-679
-348
1337

-490
-240
1807

-193
144
2019

139
352
1611

565
671
1218

810
746
1304

794
563
1269

683
378
1090

687
103
982

460
-1111
647

-262
-957
-397

40
-1050
-219

-500
-1634
-990

-1067
-1582
-997

-1119
-1572
-285

-1234
-1335
116

-827
-821
541

-371
68
455

52
675
607

983
1523
1241

963
1561
1131

822
1061
1192

596
916
852

306
214
752

166
-450
722

-48
-1021
747

-573
-1406
-24

-422
-1190
828

-817
-1443
-55

-1304
-849
-578

-1291
-355
-198

-1255
-228
127

-976
103
267

-270
694
468

478
1226
1125

801
1208
1174

975
1005
1298

1052
913
1335

776
490
1142

607
252
819

403
-911
866

142
-2094
1043

-378
-1772
-243

-625
-936
-882

-1021
-885
-564

-849
-816
-132

-1036
-873
164

-925
-672
415

201
-266
829

1375
802
1529

1371
1221
2147

1022
630
1920

474
594
1603

60
464
1410

-125
407
1633

-246
-147
1802

20
-563
1016

227
5
-612

-602
-304
-1489

-195
-587
-473

-286
-735
-489

154
-286
-991

736
60
-458

660
296
-37

1130
477
607

1344
489
1532

1324
543
1496

1811
712
1503

1979
770
1372

1735
-230
1783

1092
-976
2274

679
-1197
2047

347
-1892
1238

-22
-1481
585

167
-683
86

-31
-1216
-180

-516
-1568
-279

-522
-1324
-663

-491
-1810
-23

-39
-1753
131

456
-1086
-136

549
-940
-29

586
-921
-48

823
-385
199

683
253
671

360
380
677

544
622
654

403
1135
871

146
783
971

21
520
1466

334
273
2282

412
126
2299

577
365
2350

605
760
1782

211
412
1244

-217
64
853

-424
-956
1318

148
-1429
928

395
-1807
34

464
-1599
-479

219
-1673
-637

-154
-1964
-1030

-60
-1910
-887

561
-1782
-608

559
-1509
-226

876
-1288
93

1563
-460
731

1400
435
1440

928
488
1321

304
594
1570

-99
199
2217

-497
272
2078

-727
259
1482

-691
388
1462

-1226
-459
1094

-853
-218
1158

-761
-268
664

-702
-486
372

-478
-301
386

-287
-448
455

-455
-576
260

-698
-832
-171

-608
-664
-374

-584
-887
-245

-511
-704
8

-533
-466
351

-632
24
934

-669
77
1172

-630
112
1372

-462
240
1568

-428
480
1547

-264
703
1415

-5
999
1408

71
890
1299

128
819
1025

222
766
914

243
620
697

187
472
570

42
140
630

-326
-302
619

-609
-303
571

-835
-359
521

-1005
-306
669

-895
-86
848

-818
-70
1102

-648
-16
1281

-442
96
1277

-349
79
1092

-387
25
929

-314
156
818

-390
173
837

-446
209
911

-297
393
1126

-91
484
1303

61
428
1411

136
502
1318

59
449
1120

-35
451
957

-167
360
814

-243
359
797

-260
285
835

-295
211
853

-294
173
926

-295
210
926

-204
340
815


