407
8
1079

182
-15
1448

142
170
1338

162
22
1394

-258
336
1290

-425
188
1203

-218
119
872

-715
538
1133

-674
137
679

-988
982
881

-636
103
460

-1191
524
468

-885
216
-45

-819
409
-923

-542
-416
-1161

-249
47
-1296

-136
66
-1298

-252
481
-515

-517
482
-711

182
535
-249

248
289
644

177
335
1482

-86
-591
1966

56
-256
1634

-108
-552
1784

-435
-77
2078

38
-492
1252

-443
-65
803

-548
401
238

-149
-13
-679

65
325
-1431

-20
609
-2214

342
390
-2292

146
955
-1709

-99
1172
-1233

204
299
-521

222
-554
229

-466
319
1039

17
419
392

195
48
664

406
-117
770

544
-304
1114

417
-257
1992

132
-113
2141

-65
402
2179

-303
-130
1894

-573
59
1188

-522
192
858

-280
288
489

147
279
-465

90
299
-646

123
577
-704

103
451
-1067

31
177
-1374

-168
787
-1466

-199
1307
-1834

-234
1265
-1449

-486
835
-895

-708
683
-599

-403
571
-330

-307
624
141

-149
453
685

90
-323
904

-11
263
1304

75
-131
2106

137
-425
1961

-359
-221
1732

-538
259
1533

-545
359
712

-490
291
128

-381
441
-129

-116
261
-552

87
393
-829

352
231
-1180

167
27
-1194

-21
45
-1081

-372
725
-970

-873
1313
-982

-1084
1370
-1215

-824
685
-906

-1016
923
-776

-1050
881
-265

-958
905
-668

-855
639
-12

-477
605
18

-148
236
358

17
419
374

237
-135
736

-66
207
1378

128
36
1850

209
-205
2196

-139
311
2016

-282
650
1270

-399
654
761

-288
660
231

90
407
-283

240
248
-959

51
228
-974

33
120
-1191

-138
104
-1426

-575
468
-1092

-914
535
-630

-1065
713
-136

-1411
1224
396

-1063
783
428

-968
729
353

-1095
540
722

-886
504
718

-775
469
532

-601
286
495

-399
-359
695

-363
-465
330

-540
-170
185

-523
15
-69

-605
256
-270

-720
368
-378

-723
479
-506

-704
445
-724

-689
591
-598

-1016
1137
-140

-1450
1297
449

-934
877
369

-1254
1092
886

-1233
996
1122

-1135
831
1102

-868
540
808

-446
12
365

110
-700
-204

138
-415
-1027

377
-190
-1379

315
-56
-1853

276
178
-1361

143
394
-903

26
794
-356

-311
1042
721

-572
110
1589

-447
353
1311

-527
574
1312

-752
609
1480

-788
479
1426

-1036
609
1286

-674
191
807

-484
-23
239

-358
-103
-984

-509
679
-1969

-1165
1468
-1853

-854
1259
-1145

-227
96
-713

-256
-132
217

-279
179
343

-413
398
564

-21
494
354

526
442
236

916
-169
741

587
-493
1498

362
-461
1939

288
-479
1940

285
-457
1539

1
-401
1471

33
-304
923

-293
-80
490

-213
-374
418

-92
-781
600

-151
-596
655

-186
-655
856

349
-2130
1002

-288
-1175
1300

-721
-414
537

-1275
25
564

-1050
-118
213

-926
328
-246

-1103
786
156

-781
694
203

-165
179
414

71
-341
922

470
-432
1044

831
-453
1438

1024
-727
1326

948
-620
1564

3
-224
2217

-76
-200
1653

-458
73
1697

-405
259
1567

192
126
227

-320
77
-583

-754
128
-430

-810
287
298

-371
67
474

301
-524
975

265
-383
1540

817
-675
1530

742
-749
1405

486
-267
1133

499
-24
731

421
211
1096

-97
107
2127

-82
257
1961

226
-346
1557

-207
416
614

-753
289
261

-880
27
520

-1225
214
-75

-1045
-356
142

-987
-394
251

-801
-318
-81

-407
-170
165

-214
5
1163

-192
-233
1182

410
-338
825

94
-383
1415

204
-324
1011

517
-114
512

674
-264
875

879
-224
670

876
-58
742

855
125
706

1027
-57
685

987
142
866

820
103
1090

858
-59
833

949
89
576

673
-190
893

509
-488
1043

769
-481
418

550
-870
480

475
-907
464

150
-722
286

21
-850
253

-618
-841
847

-513
-486
460

-854
-342
648

-794
-563
685

-686
-301
371

-801
-193
537

-673
-25
297

-639
286
532

-353
139
654

-297
302
962

-381
53
1841

-91
431
1104

76
469
955

-90
449
1158

155
320
1119

302
435
788

397
437
749

456
305
876

761
70
653

740
341
1107

698
526
1070

758
343
961

825
-299
817

767
-262
672

545
-378
1097

620
-304
1186

798
-1014
386

-114
-542
709

-468
-765
771

-800
-339
355

-900
-114
-244

-944
146
-554

-815
438
-121

-637
68
205

-481
-10
749

-583
-404
1500

-905
-333
1542

-760
-144
1137

-817
-107
1102

-801
-68
974

-350
10
673

28
-242
231

164
-463
248

63
-1020
655

202
-1246
1017

18
-1287
1476

-197
-883
1551

-80
-1050
1787

-162
-716
1585

-21
-520
433

-144
-40
286

-264
255
88

-399
331
-311

-401
477
-184

-493
332
-400

-402
372
-694

-406
414
-1240

-500
269
-1547

-809
781
-1216

-1077
1110
-1013

-1207
1106
-700

-953
752
-193

-869
507
461

-662
543
603

-359
471
579

-151
472
648

174
286
845

181
148
1757

324
-315
2121

156
-318
2361

-66
369
1796

-81
58
1598

-48
101
960

-68
67
595

39
181
174

-153
387
-170

-337
999
-662

-622
912
-1312

-824
648
-961

-1331
805
-168

-1451
1281
249

-1548
1553
651

-1142
1022
555

-872
690
661

-528
398
493

-180
29
688

-113
-419
1309

43
-661
1563

-145
-532
1657

-509
-366
1481

-628
-106
1189

-600
231
531

-582
268
531

-529
345
165

-512
385
-200

-303
296
-367

-303
150
-658

-362
246
-894

-611
464
-836

-1000
272
-152

-1397
432
328

-1838
1014
1006

-1149
555
1051

-878
224
1193

-673
243
1153

-257
136
963

-44
-103
1124

-151
-346
1437

-116
-252
1253

-301
-510
1131

-419
-323
694

-522
-60
331

-585
308
3

-602
236
-87

-565
219
-161

-735
218
-230

-812
200
-320

-681
185
-614

-590
300
-999

-236
324
-1426

-105
363
-1575

79
459
-1868

93
735
-1871

263
717
-1747

133
712
-1397

-121
484
-736

-27
468
-974

51
425
-301

32
533
99

356
458
295

810
513
576

917
117
1543

639
55
2168

505
164
2152

323
629
1660

-168
684
1614

-451
647
1455

-488
359
747

-589
567
128

-479
609
-365

-255
558
-825

41
602
-1505

183
940
-1965

160
1160
-1966

146
1082
-1455

210
785
-1108

215
778
-397

237
718
76

279
530
513

227
453
789

528
472
800

662
507
1126

670
281
1620

819
211
1289

687
139
999

352
40
1536

217
118
1155

-361
835
1160

-751
590
1535

-770
445
1153

-618
284
696

-108
-19
-59

295
213
-1160

186
685
-2292

-104
1127
-2289

-314
1325
-2014

-251
1154
-1449

-379
169
-583

-220
-256
-439

-160
-241
70

-275
-78
271

-783
-30
773

-295
193
853

195
-114
263

294
-443
136

106
-406
-60

-68
-202
-205

-406
-385
-543

-1018
180
-316

-1268
384
-476

-1664
1378
-530

-1534
565
-290

-1371
968
122

-694
1333
946

-132
598
1031

556
191
1330

880
-64
1307

1370
-6
1261

1488
-320
1278

1556
107
1148

1424
139
1423

936
27
1343

800
33
743

375
386
57

121
686
-632

366
473
-1309

314
960
-2040

-78
1790
-2276

-639
1834
-1355

-495
1260
-988

-292
807
193

214
104
736

284
-563
1103

90
-161
1377

601
-341
1277

1128
-1243
1255

1091
-1316
1237

874
-947
984

756
-777
530

203
-430
575

-324
-378
785

-608
-305
735

-755
-473
884

-938
-644
1271

-998
-604
926

-1231
-254
838

-1236
41
746

-977
230
430

-759
530
95

-684
529
185

-262
271
380

-47
-134
522

154
233
573

289
175
953

396
-328
1591

345
-391
2358

511
685
1729

-111
756
1868

-145
536
1687

-355
699
1854

215
371
1682

237
-135
736

-484
-167
-234

-865
124
-100

-793
307
-11

-776
402
-249

-663
311
-342

-378
203
-346

-358
328
234

-289
-211
764

-43
-123
1233

-509
-115
2226

-871
158
2196

-800
128
1501

-728
46
572

-944
307
28

-967
602
-28

-877
751
-140

-986
603
-81

-911
530
-120

-733
72
-302

-998
249
284

-408
648
-769

-878
700
-559

-1037
359
394

-876
769
-31

-738
564
405

-748
991
20

-958
1119
95

-724
1018
1093

-619
409
1151

-538
169
1241

-390
-804
989

-273
-863
1424

-422
-299
257

-635
-222
-321

-774
-105
-1159

-574
-533
-594

-306
-412
529

-57
-327
1362

187
527
679

139
1951
324

384
2132
756

399
2319
645

359
2324
-9

286
2138
-25

279
1494
-75

329
721
-308

267
-52
-303

185
-682
-133

-93
-760
382

-303
-434
930

-574
149
1370

-636
425
1461

-760
1069
1605

-719
868
1331

-787
1403
1293

-542
354
1240

-552
-161
1151

-568
-362
917

-345
-392
384

99
51
265

307
1120
454

354
1673
541

483
1803
483

493
2321
406

528
2324
-30

243
1365
-147

-104
1841
165

73
1418
-33

202
625
205

155
33
355

-39
-487
761

-244
-601
1003

-414
-527
915

-745
132
1190

-791
501
1007

-833
796
1024

-819
963
913

-719
813
1313

-715
575
1169

-611
-68
1025

-575
-12
806

-328
-138
801

-146
52
177

-5
571
-100

93
1399
202

9
1841
237

120
1935
-93

113
2231
-131

260
2330
-700

29
1661
-327

128
1455
128

162
680
132

179
-153
537

-212
-393
564

-375
-691
751

-540
-805
1027

-829
-495
1141

-938
263
921

-1263
520
870

-1153
703
959

-809
501
1080

-766
224
1136

-592
38
1316

-396
-363
1187

-287
-323
783

-49
-114
304

-5
533
9

183
784
824

262
1668
998

301
2324
-172

264
2178
-370

11
1695
74

-504
2134
226

-295
2024
350

-58
1490
330

234
865
166

308
-112
243

-18
-724
525

-194
-267
818

-269
-177
1018

-119
-1118
1167

-281
-332
1785

-460
291
1968

-296
-570
1679

-452
-384
1371

-566
-419
1081

-348
-1009
1245

-299
-709
695

-149
-725
638

59
-783
781

60
412
1156

-143
1133
881

72
673
808

11
932
863

-74
1340
496

-97
1545
313

-151
1397
406

-71
1212
424

73
1419
-70

-157
1443
-741

-150
1128
-503

-233
1568
-321

-154
1240
-649

-151
1165
-576

-130
1143
-230

-240
1012
-136

-237
902
-80

-158
843
391

-61
874
1064

173
680
2009

63
604
2231

62
570
1994

28
277
1778

-211
745
886

-172
710
867

-141
915
664

-89
1174
479

24
976
-67

-35
1090
-395

-73
1018
-649

249
890
-636

-64
1266
-1435

-47
558
-775

-40
460
-99

-24
607
9

-114
1345
-68

373
585
493

670
154
1438

701
648
1871

734
871
1669

773
905
1997

821
459
2344

516
427
1695

220
-121
1173

-20
-433
961

-196
-83
853

-177
-65
1053

-120
-192
816

-236
9
762

-295
48
526

-297
-20
-111

-297
-163
-493

-394
18
-455

-569
494
19

-462
-100
640

-445
-170
165

-507
234
292

-448
248
765

-242
502
1197

95
738
1737

3
1732
1988

-294
2311
1150

-114
1416
277

-404
1642
-392

-216
1572
-595

51
371
-447

-131
57
-442

-256
685
-644

-122
486
-900

171
-465
-1702

-137
-785
-911

-127
-307
-860

-237
-401
-729

-215
-533
-455

-248
-647
-71

-230
-647
-145

-399
-575
150

-664
-487
409

-574
-264
351

-474
-344
1023

-925
-493
942

-326
-248
747

-388
170
1111

-315
373
1254

-333
391
1382

173
411
1227

408
150
1716

-235
293
1817

284
-169
2248

740
359
1216

324
143
423

-339
291
180

-51
-126
-370

117
-198
-663

341
-121
-796

514
-270
-597

700
-120
-730

1160
-558
-918

817
-358
-894

707
-562
-800

384
-290
-577

-165
585
-1593

-83
215
-1482

-156
249
-1190

497
330
-1767

-332
1432
-1577

-684
1295
-895

-680
1235
-402

-232
606
121

-398
544
598

-299
450
907

-29
28
813

179
-119
810

420
-585
1538

418
-511
1519

647
-785
1297

241
-287
1138

135
-656
1033

-36
-653
762

-60
-556
307

10
-387
-114

-441
-390
40

-256
-294
-274

-223
-71
-531

-211
172
-969

-41
102
-1209

-190
63
-1042

-294
-382
-728

-754
38
-630

-886
110
-499

-1075
235
-242

-1192
437
-167

-1296
971
-243

-969
785
226

-472
470
637

-109
323
868

274
153
1354

462
207
1533

625
596
1563

645
647
1927

651
316
1838

586
578
1455

172
593
1500

77
540
1283

99
302
1047

-113
400
503

-341
402
161

-451
236
109

-265
275
-148

54
224
-573

92
98
-864

38
-319
-1445

-437
10
-1402

-1156
1115
-1522

-1276
1502
-1595

-822
1320
-1712

-1070
847
-611

-952
715
-193

-721
530
-33

-492
365
1

-227
347
141

157
-5
392

233
-94
353

478
-3
403

728
-261
637

879
-153
870

577
42
1441

390
220
2062

786
204
2001

612
354
1784

61
535
1775

-130
595
1340

-302
651
1142

-432
468
873

-457
657
416

-572
660
54

-459
534
-311

-234
483
-698

-174
283
-824

-39
-46
-1081

-223
-340
-1258

-527
-141
-999

-920
-182
-681

-1507
123
-323

-1526
194
-69

-1266
415
197

-904
322
536

-562
249
621

-236
-27
708

-28
-62
740

269
124
516

493
128
166

536
-114
511

742
33
653

800
122
980

1236
14
863

1309
-1
606

1268
77
188

1344
-84
-195

1000
152
-208

980
173
-391

1039
97
-190

1323
60
-141

1531
-29
-181

1400
5
-51

1361
62
-251

965
59
-79

1232
-68
-84

1438
-157
-379

1211
60
-102

1208
172
-194

1041
22
-136

1099
3
-45

1364
-159
-160

1422
-215
76

1380
-30
-142

1174
-50
-10

1251
-124
-48

1101
-144
27

951
-218
49

760
-90
-38

746
-295
253

1105
-292
228

1248
220
569

1835
147
795

1440
90
768

705
139
1018

517
103
950

-130
289
522

-152
385
48

-110
73
-150

175
-254
-500

158
-472
-899

-715
74
-540

-1003
366
-372

-1021
221
-699

-256
-527
-1019

-150
-210
-1279

-44
251
-1374

277
176
-1142

539
235
-1439

678
863
-1482

818
1221
-2107

567
1605
-1885

329
1378
-1424

276
1281
-1075

-390
905
-387

-560
758
-656

-522
742
-821

-798
549
-195

-658
88
-140

-646
-574
-192

-778
-613
-134

-273
-314
-219

-129
143
285

60
250
720

-190
618
813

-380
602
544

86
736
-29

-276
865
-116

-474
350
-364

-808
33
-192

-860
45
574

-1113
-297
1600

-468
-300
2135

-1
-982
2367

152
-1148
2366

389
-849
2032

363
-568
1667

-99
-178
1289

-241
268
707

176
849
-306

273
1466
-1059

-97
2329
-748

-178
1663
-561

-221
976
-209

-664
566
221

-1307
-272
821

-1822
-725
1599

-2005
-150
1162

-1931
14
1233

-642
-311
1354

39
-511
1343

326
285
1006

65
1454
2060

119
642
2192

864
732
884

481
954
652

141
898
496

365
868
-255

557
505
-730

619
192
-766

703
-394
-1020

151
-320
-1392

-1062
46
-1626

-1598
576
-1474

-1721
1145
-1257

-1566
1158
-640

-1086
824
-137

-835
674
333

-699
525
622

-471
506
691

-198
863
355

447
641
473

778
236
743

765
-118
981

708
117
1383

674
274
2349

883
127
2327

497
463
1785

364
428
1516

43
392
1339

-93
434
794

-211
549
249

-364
533
-113

-287
389
-477

-400
207
-857

-566
-13
-962

-943
-69
-991

-1227
217
-385

-1915
819
170

-1862
1075
332

-1385
873
469

-870
563
407

-680
416
405

-415
417
436

3
216
375

645
110
291

591
33
638

672
-10
1275

620
-162
1695

636
203
2094

768
148
2019

594
297
1839

177
316
1573

-70
446
1395

-92
505
1048

-55
416
739

-155
695
538

68
662
115

256
539
-506

121
471
-1286

-199
309
-1699

-893
138
-1575

-1225
726
-1555

-1389
611
-1131

-1261
905
-953

-1506
1064
-294

-1217
803
138

-912
676
97

-669
752
-53

-343
513
123

-53
162
357

119
31
465

309
-59
553

368
-81
825

410
-175
1152

469
-233
1480

339
-273
1665

-95
-255
1563

-641
-404
1483

-1116
-238
1309

-1345
-236
895

-1386
-141
512

-1316
48
-72

-1391
-61
-234

-901
-345
-1044

-663
-64
-1470

-617
544
-1493

-435
970
-1517

-335
800
-1025

-125
687
-774

-42
445
-427

75
294
-63

185
459
115

411
496
292

600
605
653

620
692
1070

410
1108
1819

616
1344
2342

423
1582
2345

-77
995
1883

-98
855
1155

-56
508
738

111
439
299

203
408
-340

52
335
-574

-180
633
-808

-510
1039
-1042

-642
1002
-1167

-1017
1033
-722

-1295
953
-207

-1388
1020
523

-1367
1089
1070

-908
687
935

-794
631
897

-657
374
987

-376
433
836

-52
233
667

213
50
517

307
33
443

426
-226
733

683
-726
1042

723
-928
896

569
-761
752

180
-209
665

-276
265
1054

-348
132
1346

-39
-253
1325

-175
-68
1326

51
-177
1177

-181
137
961


